00000000
00000000
00000000
00000000
00000000
00000000
00000000
00000001
00000000
00000000
00000000
00000000
00000000
00000000
00000000
00000010
00000000
00000000
00000000
00000000
00000000
00000000
00000000
00101000
00000000
00000000
00000000
00000000
00000000
00000000
00000000
01000000
11111111
11111111
01111111
11111111
11111111
11111111
11111111
11111111
11111110
11111111
01111111
11111111
11111111
11111111
00000000
11111111
00000000
00000000
00000000
00000000
00000000
00000000
00000000
00000111
00000000
00000000
00000000
00000000
00000000
00000000
00000000
00000111
00000000
00000000
00000000
00000000
00000000
00000000
00000000
11111111
00000000
00000000
00000000
00000000
00000000
00000000
11111111
11111111
11111111
11111111
11111111
01111111
11111111
11111111
11111110
11111110
11111111
11111111
01111111
11111111
11111111
11111111
11111111