B[1]=A[i-j]
00000000
00000000
00111110
10000011
00000000
10000000
00111110
00000011
00000001
00000000
00110101
00000011
00000001
10000000
00110110
00000011
01000001
11011110
00001111
00110011
00000001
11101111
00001111
00110011
00000001
11101111
00001111
00110011
00000001
11101111
00001111
00110011
00000001
11100101
00000101
00110011
00000000
00000101
00111111
00000011
00000001
11100110
00110100
00100011
11111111
11111111
11111111
11111111

ld x29,0(x0)
add x28,x29,x29
add x28,x28,x29
00000000
00000000
00111110
10000011
00000001
11011110
10001110
00110011
00000001
11011110
00001110
00110011
11111111
11111111
11111111
11111111


ld x29 0(x0)
ld x28 8(x0)
ld x10 16(x0)
ld x12 24(x0)
Loop :add x28, x28, x28
bne x28,x29, Loop
add x29,x29,x29
00000000
00000000
00111110
10000011
00000000
10000000
00111110
00000011
00000001
00000000
00110101
00000011
00000001
10000000
00110110
00000011
00000001
11001110
00001110
00110011
11111111
11011110
00001100
11100011
00000001
11011110
10001110
10110011
11111111
11111111
11111111
11111111